[gd_scene load_steps=3 format=2]

[ext_resource path="res://scenes/GridMap.tscn" type="PackedScene" id=1]
[ext_resource path="res://scenes/Hedgehog.tscn" type="PackedScene" id=2]

[node name="Level" type="Spatial"]

[node name="GridMap" parent="." instance=ExtResource( 1 )]
collision_layer = 2
data = {
"cells": PoolIntArray( 0, 65530, 917507, 1, 65530, 917507, 2, 65530, 917510, 3, 65530, 917507, 65534, 65530, 1507330, 65535, 65530, 917507, 0, 65531, 1245184, 1, 65531, 1245184, 2, 65531, 1245184, 3, 65531, 917509, 65533, 65531, 1507330, 65534, 65531, 917505, 65535, 65531, 1245184, 0, 65532, 1507335, 1, 65532, 1245184, 2, 65532, 1245184, 3, 65532, 917504, 65533, 65532, 1507331, 65534, 65532, 1245184, 65535, 65532, 1245184, 0, 65533, 1245184, 1, 65533, 1245184, 2, 65533, 1245184, 3, 65533, 917504, 65533, 65533, 1507331, 65534, 65533, 1245184, 65535, 65533, 1245184, 0, 65534, 917509, 1, 65534, 1245184, 2, 65534, 1245184, 3, 65534, 262151, 65533, 65534, 1507331, 65534, 65534, 262152, 65535, 65534, 917509 )
}

[node name="hedgehogs" type="Spatial" parent="."]

[node name="Hedgehog " parent="hedgehogs" instance=ExtResource( 2 )]
transform = Transform( 0.983407, 0.0996704, -0.151579, -0.125768, 0.976735, -0.173699, 0.13074, 0.18988, 0.973063, -0.44232, 0.337637, -3.43858 )

[node name="Hedgehog 2" parent="hedgehogs" instance=ExtResource( 2 )]
transform = Transform( 0.983407, 0.0996704, -0.151579, -0.125768, 0.976735, -0.173699, 0.13074, 0.18988, 0.973063, 0.618253, 0.337637, -2.36022 )

[node name="Hedgehog 3" parent="hedgehogs" instance=ExtResource( 2 )]
transform = Transform( 0.983407, 0.0996704, -0.151579, -0.125768, 0.976735, -0.173699, 0.13074, 0.18988, 0.973063, 1.59431, 0.337637, -3.28999 )

[node name="Hedgehog 4" parent="hedgehogs" instance=ExtResource( 2 )]
transform = Transform( 0.983407, 0.0996704, -0.151579, -0.125768, 0.976735, -0.173699, 0.13074, 0.18988, 0.973063, 0.521952, 0.337637, -4.30851 )

[node name="Camera" type="Camera" parent="."]
transform = Transform( 0.5, -0.612373, 0.612372, 0, 0.707107, 0.707107, -0.866025, -0.353553, 0.353553, 3.531, 3.048, -1.946 )
projection = 1
size = 6.0
