[gd_scene load_steps=3 format=2]

[ext_resource path="res://scenes/Hedgehog.tscn" type="PackedScene" id=1]
[ext_resource path="res://scenes/GridMap.tscn" type="PackedScene" id=2]

[node name="Level" type="Spatial"]

[node name="GridMap" parent="." instance=ExtResource( 2 )]
collision_layer = 2
data = {
"cells": PoolIntArray( 0, 0, 1507333, 1, 0, 1507328, 2, 0, 1507328, 3, 0, 1507333, 65533, 0, 1507334, 65534, 0, 1507328, 65535, 0, 1507328, 0, 65530, 1507328, 1, 65530, 1507328, 2, 65530, 1507328, 3, 65530, 1507333, 65533, 65530, 1507333, 65534, 65530, 1507328, 65535, 65530, 1507328, 0, 65531, 1507332, 1, 65531, 1507332, 2, 65531, 1507332, 3, 65531, 1507328, 65532, 65531, 917504, 65533, 65531, 1507328, 65534, 65531, 1507332, 65535, 65531, 1507332, 0, 65532, 917513, 1, 65532, 262148, 2, 65532, 262148, 3, 65532, 1507328, 65532, 65532, 917504, 65533, 65532, 1507328, 65534, 65532, 262148, 65535, 65532, 917512, 0, 65533, 262148, 1, 65533, 262148, 2, 65533, 262148, 3, 65533, 1507328, 65533, 65533, 1507328, 65534, 65533, 262148, 65535, 65533, 262148, 0, 65534, 262148, 1, 65534, 262148, 2, 65534, 262148, 3, 65534, 1507328, 65533, 65534, 1507328, 65534, 65534, 262148, 65535, 65534, 262148, 0, 65535, 262148, 1, 65535, 262148, 2, 65535, 917511, 3, 65535, 1507328, 65533, 65535, 917511, 65534, 65535, 262148, 65535, 65535, 262148 )
}

[node name="hedgehogs" type="Spatial" parent="."]

[node name="Hedgehog " parent="hedgehogs" instance=ExtResource( 1 )]
transform = Transform( 0.983407, 0.0996704, -0.151579, -0.125768, 0.976735, -0.173699, 0.13074, 0.18988, 0.973063, 1.05369, 0.337637, 0.285246 )

[node name="Hedgehog 2" parent="hedgehogs" instance=ExtResource( 1 )]
transform = Transform( 0.983407, 0.0996704, -0.151579, -0.125768, 0.976735, -0.173699, 0.13074, 0.18988, 0.973063, 3.21437, 0.337637, -2.36022 )

[node name="Hedgehog 3" parent="hedgehogs" instance=ExtResource( 1 )]
transform = Transform( 0.983407, 0.0996704, -0.151579, -0.125768, 0.976735, -0.173699, 0.13074, 0.18988, 0.973063, -0.750289, 0.337637, -5.38914 )

[node name="Hedgehog 4" parent="hedgehogs" instance=ExtResource( 1 )]
transform = Transform( 0.983407, 0.0996704, -0.151579, -0.125768, 0.976735, -0.173699, 0.13074, 0.18988, 0.973063, -2.38617, 0.337637, -1.50535 )

[node name="Camera" type="Camera" parent="."]
transform = Transform( 0.5, -0.612373, 0.612372, 0, 0.707107, 0.707107, -0.866025, -0.353553, 0.353553, 2.364, 3.317, -0.461 )
projection = 1
size = 7.0
