[gd_scene load_steps=4 format=2]

[ext_resource path="res://scenes/Hedgehog.tscn" type="PackedScene" id=1]
[ext_resource path="res://scenes/GridMap.tscn" type="PackedScene" id=2]
[ext_resource path="res://text/poster-ctrl.png" type="Texture" id=3]

[node name="Level" type="Spatial"]

[node name="GridMap" parent="." instance=ExtResource( 2 )]
collision_layer = 2
data = {
"cells": PoolIntArray( 0, 0, 1507335, 1, 0, 262144, 65535, 0, 1507331, 131071, 0, 1507331, 196607, 0, 1507331, 0, 1, 262144, 1, 1, 262144, 65535, 1, 1507331, 131071, 1, 1507331, 0, 2, 917504, 1, 2, 917504, 65535, 2, 1507331, 0, 65528, 917510, 1, 65528, 917507, 65535, 65528, 1507330, 0, 65529, 917504, 1, 65529, 917504, 65535, 65529, 1507331, 0, 65530, 917504, 1, 65530, 917504, 65535, 65530, 1507331, 0, 65531, 917504, 1, 65531, 1507328, 65535, 65531, 1507331, 0, 65532, 917504, 1, 65532, 1245192, 65535, 65532, 1507331, 131071, 65532, 1507331, 0, 65533, 1507328, 1, 65533, 1245193, 65535, 65533, 1507331, 131071, 65533, 1507331, 196607, 65533, 1507331, 0, 65534, 262144, 1, 65534, 917504, 65535, 65534, 1507331, 131071, 65534, 1507331, 196607, 65534, 1507331, 0, 65535, 1507328, 1, 65535, 262144, 65535, 65535, 1507331, 131071, 65535, 1507331, 196607, 65535, 1507331 )
}

[node name="hedgehogs" type="Spatial" parent="."]

[node name="Hedgehog " parent="hedgehogs" instance=ExtResource( 1 )]
transform = Transform( 0.983407, 0.0996704, -0.151579, -0.125768, 0.976735, -0.173699, 0.13074, 0.18988, 0.973063, 1.39768, 0.337637, 2.26085 )

[node name="Camera" type="Camera" parent="."]
transform = Transform( 0.5, -0.612373, 0.612372, 0, 0.707107, 0.707107, -0.866025, -0.353553, 0.353553, 2.364, 3.317, -0.461 )
projection = 1
size = 7.0

[node name="Sprite3D" type="Sprite3D" parent="."]
transform = Transform( -2.18557e-08, 0, 1, 0, 0.6, 0, -0.5, 0, -4.37114e-08, 0.01, 2.142, -0.943 )
texture = ExtResource( 3 )

[node name="SpotLight" type="SpotLight" parent="."]
transform = Transform( -2.18557e-08, -0.866025, 0.5, -3.78552e-08, 0.5, 0.866025, -1, 0, -4.37114e-08, 1, 3.381, -1 )
